Schlag_ID  N  FRT   Date  Incorp
301000001 80 KN 200281  0    
301000001 80 KN 200282  0
301000001 80 KN 200283  0
301000001 80 KN 200284  0
301000001 80 KN 200285  0
301000001 80 KN 200286  0
301000001 80 KN 200287  0
301000001 80 KN 200288  0
301000001 80 KN 200289  0
301000001 80 KN 200290  0
301000001 80 KN 200291  0
301000001 80 KN 200292  0
301000001 80 KN 200293  0
301000001 80 KN 200294  0
301000001 80 KN 200295  0
301000001 80 KN 200296  0
301000001 80 KN 200297  0
301000001 80 KN 200298  0
301000001 80 KN 200299  0
301000001 80 KN 200200  0
301000001 80 KN 200201  0
301000001 80 KN 200202  0
301000001 80 KN 200203  0
301000001 80 KN 200204  0
301000001 80 KN 200205  0
301000001 80 KN 200206  0
301000001 80 KN 200207  0
301000001 80 KN 200208  0
301000001 80 KN 200209  0
301000001 80 KN 200210  0
end
