field_ID  crp sowing harves tillag Exp dp Yld year comment
1 GMB 200281 150881 190881 0 0 0 1981
1 GMB 200282 150882 190882 0 0 0 1982
1 GMB 200283 150883 190883 0 0 0 1983  
1 GMB 200284 150884 190884 0 0 0 1984  
1 GMB 200285 150885 190885 0 0 0 1985  
1 GMB 200286 150886 190886 0 0 0 1986  
1 GMB 200287 150887 190887 0 0 0 1987  
1 GMB 200288 150888 190888 0 0 0 1988  
1 GMB 200289 150889 190889 0 0 0 1989  
1 GMB 200290 150890 190890 0 0 0 1990  
1 GMB 200291 150891 190891 0 0 0 1991  
1 GMB 200292 150892 190892 0 0 0 1992  
1 GMB 200293 150893 190893 0 0 0 1993  
1 GMB 200294 150894 190894 0 0 0 1994  
1 GMB 200295 150895 190895 0 0 0 1995  
1 GMB 200296 150896 190896 0 0 0 1996  
1 GMB 200297 150897 190897 0 0 0 1997  
1 GMB 200298 150898 190898 0 0 0 1998  
1 GMB 200299 150899 190899 0 0 0 1999  
1 GMB 200200 150800 190800 0 0 0 2000
1 GMB 200201 150801 190801 0 0 0 2001
1 GMB 200202 150802 190802 0 0 0 2002
1 GMB 200203 150803 190803 0 0 0 2003
1 GMB 200204 150804 190804 0 0 0 2004
1 GMB 200205 150805 190805 0 0 0 2005
1 GMB 200206 150806 190806 0 0 0 2006
1 GMB 200207 150807 190807 0 0 0 2007
1 GMB 200208 150808 190808 0 0 0 2008
1 GMB 200209 150809 190809 0 0 0 2009
1 GMB 200210 150810 190810 0 0 0 2010
end